rh1: x: 0.14668571949005127
y: 0.7532639503479004
z: 8.095194061752409e-07
, x: 0.24942795932292938
y: 0.7962950468063354
z: -0.05768735334277153
, x: 0.3449360132217407
y: 0.7470889687538147
z: -0.08424948155879974
, x: 0.415883332490921
y: 0.6598802208900452
z: -0.0970321074128151
, x: 0.46257996559143066
y: 0.5803428292274475
z: -0.10874517261981964
, x: 0.3166617751121521
y: 0.5914171934127808
z: -0.0881127193570137
, x: 0.3978164494037628
y: 0.46028557419776917
z: -0.11348151415586472
, x: 0.44286009669303894
y: 0.39199376106262207
z: -0.12436975538730621
, x: 0.47624173760414124
y: 0.3388362228870392
z: -0.12941361963748932
, x: 0.26797181367874146
y: 0.5353550314903259
z: -0.06743964552879333
, x: 0.3474729359149933
y: 0.39742305874824524
z: -0.08648286014795303
, x: 0.39420410990715027
y: 0.31735143065452576
z: -0.09503233432769775
, x: 0.42917895317077637
y: 0.2628541886806488
z: -0.10157659649848938
, x: 0.22183777391910553
y: 0.5068579316139221
z: -0.0487632192671299
, x: 0.2894946038722992
y: 0.3849053680896759
z: -0.06271779537200928
, x: 0.3314034342765808
y: 0.31525570154190063
z: -0.07409076392650604
, x: 0.3666970133781433
y: 0.2654423713684082
z: -0.08358629047870636
, x: 0.18066368997097015
y: 0.5004315376281738
z: -0.03357108309864998
, x: 0.22151142358779907
y: 0.4106728434562683
z: -0.04641050845384598
, x: 0.24876166880130768
y: 0.359702467918396
z: -0.05445965379476547
, x: 0.27381131052970886
y: 0.3232685327529907
z: -0.06005539372563362


rh_row1: 0.14668571949005127, 0.7532639503479004, 8.095194061752409e-07, 0.24942795932292938, 0.7962950468063354, -0.05768735334277153, 0.3449360132217407, 0.7470889687538147, -0.08424948155879974, 0.415883332490921, 0.6598802208900452, -0.0970321074128151, 0.46257996559143066, 0.5803428292274475, -0.10874517261981964, 0.3166617751121521, 0.5914171934127808, -0.0881127193570137, 0.3978164494037628, 0.46028557419776917, -0.11348151415586472, 0.44286009669303894, 0.39199376106262207, -0.12436975538730621, 0.47624173760414124, 0.3388362228870392, -0.12941361963748932, 0.26797181367874146, 0.5353550314903259, -0.06743964552879333, 0.3474729359149933, 0.39742305874824524, -0.08648286014795303, 0.39420410990715027, 0.31735143065452576, -0.09503233432769775, 0.42917895317077637, 0.2628541886806488, -0.10157659649848938, 0.22183777391910553, 0.5068579316139221, -0.0487632192671299, 0.2894946038722992, 0.3849053680896759, -0.06271779537200928, 0.3314034342765808, 0.31525570154190063, -0.07409076392650604, 0.3666970133781433, 0.2654423713684082, -0.08358629047870636, 0.18066368997097015, 0.5004315376281738, -0.03357108309864998, 0.22151142358779907, 0.4106728434562683, -0.04641050845384598, 0.24876166880130768, 0.359702467918396, -0.05445965379476547, 0.27381131052970886, 0.3232685327529907, -0.06005539372563362

X1:          0         1             2         3         4         5         6         7         8         9        10        11       12        13        14        15        16        17        18        19        20       21        22       23        24        25        26        27        28       29        30        31        32        33        34        35        36        37        38        39        40        41        42        43        44        45        46        47        48        49        50        51        52        53        54        55        56        57        58       59        60        61        62
0  0.146686  0.753264  8.095194e-07  0.249428  0.796295 -0.057687  0.344936  0.747089 -0.084249  0.415883  0.65988 -0.097032  0.46258  0.580343 -0.108745  0.316662  0.591417 -0.088113  0.397816  0.460286 -0.113482  0.44286  0.391994 -0.12437  0.476242  0.338836 -0.129414  0.267972  0.535355 -0.06744  0.347473  0.397423 -0.086483  0.394204  0.317351 -0.095032  0.429179  0.262854 -0.101577  0.221838  0.506858 -0.048763  0.289495  0.384905 -0.062718  0.331403  0.315256 -0.074091  0.366697  0.265442 -0.083586  0.180664  0.500432 -0.033571  0.221511  0.410673 -0.046411  0.248762  0.359702 -0.05446  0.273811  0.323269 -0.060055
